       clusters_total filtered_by_depth filtered_by_maxH filtered_by_maxN reads_consens nsites nhetero heterozygosity
T100_0            831                 0                0                0           831  75621     295        0.00390
T10_0             837                 0                0                0           837  76167     282        0.00370
T11_0             836                 0                0                0           836  76076     272        0.00358
T12_0             836                 0                0                0           836  76076     284        0.00373
T13_0             843                 0                0                0           843  76713     261        0.00340
T14_0             839                 0                0                0           839  76349     244        0.00320
T15_0             839                 0                0                0           839  76349     256        0.00335
T16_0             849                 0                0                0           849  77259     306        0.00396
T17_0             850                 0                0                0           850  77350     285        0.00368
T18_0             837                 0                0                0           837  76167     277        0.00364
T19_0             834                 0                0                0           834  75894     276        0.00364
T1_0              829                 0                0                0           829  75439     270        0.00358
T20_0             834                 0                0                0           834  75894     302        0.00398
T21_0             838                 0                0                0           838  76258     275        0.00361
T22_0             838                 0                0                0           838  76258     285        0.00374
T23_0             838                 0                0                0           838  76258     285        0.00374
T24_0             843                 0                0                0           843  76713     267        0.00348
T25_0             845                 0                0                0           845  76895     296        0.00385
T26_0             842                 0                0                0           842  76622     291        0.00380
T27_0             847                 0                0                0           847  77077     254        0.00330
T28_0             843                 0                0                0           843  76713     292        0.00381
T29_0             843                 0                0                0           843  76713     294        0.00383
T2_0              834                 0                0                0           834  75894     254        0.00335
T30_0             850                 0                0                0           850  77350     305        0.00394
T31_0             841                 0                0                0           841  76531     277        0.00362
T32_0             846                 0                0                0           846  76986     268        0.00348
T33_0             837                 0                0                0           837  76167     311        0.00408
T34_0             835                 0                0                0           835  75985     283        0.00372
T35_0             837                 0                0                0           837  76167     258        0.00339
T36_0             837                 0                0                0           837  76167     299        0.00393
T37_0             832                 0                0                0           832  75712     259        0.00342
T38_0             840                 0                0                0           840  76440     271        0.00355
T39_0             841                 0                0                0           841  76531     268        0.00350
T3_0              829                 0                0                0           829  75439     234        0.00310
T40_0             840                 0                0                0           840  76440     262        0.00343
T41_0             845                 0                0                0           845  76895     275        0.00358
T42_0             833                 0                0                0           833  75803     264        0.00348
T43_0             849                 0                0                0           849  77259     301        0.00390
T44_0             852                 0                0                0           852  77532     287        0.00370
T45_0             847                 0                0                0           847  77077     258        0.00335
T46_0             840                 0                0                0           840  76440     262        0.00343
T47_0             824                 0                0                0           824  74984     218        0.00291
T48_0             829                 0                0                0           829  75439     234        0.00310
T49_0             823                 0                0                0           823  74893     268        0.00358
T4_0              841                 0                0                0           841  76531     282        0.00368
T50_0             832                 0                0                0           832  75712     257        0.00339
T51_0             835                 0                0                0           835  75985     268        0.00353
T52_0             836                 0                0                0           836  76076     272        0.00358
T53_0             833                 0                0                0           833  75803     288        0.00380
T54_0             840                 0                0                0           840  76440     310        0.00406
T55_0             830                 0                0                0           830  75530     265        0.00351
T56_0             833                 0                0                0           833  75803     267        0.00352
T57_0             834                 0                0                0           834  75894     300        0.00395
T58_0             836                 0                0                0           836  76076     268        0.00352
T59_0             848                 0                0                0           848  77168     251        0.00325
T5_0              817                 0                0                0           817  74347     285        0.00383
T60_0             848                 0                0                0           848  77168     312        0.00404
T61_0             850                 0                0                0           850  77350     300        0.00388
T62_0             843                 0                0                0           843  76713     246        0.00321
T63_0             853                 0                0                0           853  77623     250        0.00322
T64_0             835                 0                0                0           835  75985     297        0.00391
T65_0             838                 0                0                0           838  76258     225        0.00295
T66_0             838                 0                0                0           838  76258     250        0.00328
T67_0             840                 0                0                0           840  76440     266        0.00348
T68_0             836                 0                0                0           836  76076     276        0.00363
T69_0             837                 0                0                0           837  76167     282        0.00370
T6_0              829                 0                0                0           829  75439     265        0.00351
T70_0             835                 0                0                0           835  75985     267        0.00351
T71_0             837                 0                0                0           837  76167     274        0.00360
T72_0             838                 0                0                0           838  76258     289        0.00379
T73_0             860                 0                0                0           860  78260     280        0.00358
T74_0             852                 0                0                0           852  77532     233        0.00301
T75_0             858                 0                0                0           858  78078     278        0.00356
T76_0             856                 0                0                0           856  77896     306        0.00393
T77_0             863                 0                0                0           863  78533     269        0.00343
T78_0             858                 0                0                0           858  78078     285        0.00365
T79_0             863                 0                0                0           863  78533     240        0.00306
T7_0              830                 0                0                0           830  75530     279        0.00369
T80_0             845                 0                0                0           845  76895     285        0.00371
T81_0             850                 0                0                0           850  77350     299        0.00387
T82_0             847                 0                0                0           847  77077     294        0.00381
T83_0             853                 0                0                0           853  77623     322        0.00415
T84_0             844                 0                0                0           844  76804     275        0.00358
T85_0             842                 0                0                0           842  76622     317        0.00414
T86_0             845                 0                0                0           845  76895     316        0.00411
T87_0             840                 0                0                0           840  76440     273        0.00357
T88_0             838                 0                0                0           838  76258     274        0.00359
T89_0             838                 0                0                0           838  76258     274        0.00359
T8_0              829                 0                0                0           829  75439     250        0.00331
T90_0             839                 0                0                0           839  76349     281        0.00368
T91_0             838                 0                0                0           838  76258     292        0.00383
T92_0             843                 0                0                0           843  76713     275        0.00358
T93_0             837                 0                0                0           837  76167     261        0.00343
T94_0             854                 0                0                0           854  77714     267        0.00344
T95_0             844                 0                0                0           844  76804     266        0.00346
T96_0             835                 0                0                0           835  75985     227        0.00299
T97_0             834                 0                0                0           834  75894     261        0.00344
T98_0             841                 0                0                0           841  76531     284        0.00371
T99_0             828                 0                0                0           828  75348     280        0.00372
T9_0              826                 0                0                0           826  75166     293        0.00390