       clusters_total filtered_by_depth filtered_by_maxH filtered_by_maxN reads_consens nsites nhetero heterozygosity
T100_0            841                 0                0                0           841  76531     254        0.00332
T10_0             818                 0                0                0           818  74438     254        0.00341
T11_0             814                 0                0                0           814  74074     269        0.00363
T12_0             822                 0                0                0           822  74802     277        0.00370
T13_0             811                 0                0                0           811  73801     297        0.00402
T14_0             808                 0                0                0           808  73528     279        0.00379
T15_0             814                 0                0                0           814  74074     268        0.00362
T16_0             811                 0                0                0           811  73801     256        0.00347
T17_0             808                 0                0                0           808  73528     276        0.00375
T18_0             820                 0                0                0           820  74620     274        0.00367
T19_0             823                 0                0                0           823  74893     233        0.00311
T1_0              835                 0                0                0           835  75985     299        0.00393
T20_0             819                 0                0                0           819  74529     293        0.00393
T21_0             818                 0                0                0           818  74438     244        0.00328
T22_0             821                 0                0                0           821  74711     271        0.00363
T23_0             824                 0                0                0           824  74984     267        0.00356
T24_0             819                 0                0                0           819  74529     256        0.00343
T25_0             815                 0                0                0           815  74165     232        0.00313
T26_0             823                 0                0                0           823  74893     254        0.00339
T27_0             820                 0                0                0           820  74620     265        0.00355
T28_0             812                 0                0                0           812  73892     271        0.00367
T29_0             812                 0                0                0           812  73892     256        0.00346
T2_0              840                 0                0                0           840  76440     288        0.00377
T30_0             830                 0                0                0           830  75530     261        0.00346
T31_0             826                 0                0                0           826  75166     279        0.00371
T32_0             829                 0                0                0           829  75439     264        0.00350
T33_0             832                 0                0                0           832  75712     278        0.00367
T34_0             829                 0                0                0           829  75439     306        0.00406
T35_0             827                 0                0                0           827  75257     268        0.00356
T36_0             831                 0                0                0           831  75621     278        0.00368
T37_0             843                 0                0                0           843  76713     291        0.00379
T38_0             863                 0                0                0           863  78533     313        0.00399
T39_0             859                 0                0                0           859  78169     283        0.00362
T3_0              832                 0                0                0           832  75712     305        0.00403
T40_0             857                 0                0                0           857  77987     301        0.00386
T41_0             856                 0                0                0           856  77896     313        0.00402
T42_0             856                 0                0                0           856  77896     284        0.00365
T43_0             860                 0                0                0           860  78260     237        0.00303
T44_0             854                 0                0                0           854  77714     271        0.00349
T45_0             852                 0                0                0           852  77532     289        0.00373
T46_0             845                 0                0                0           845  76895     284        0.00369
T47_0             839                 0                0                0           839  76349     303        0.00397
T48_0             818                 0                0                0           818  74438     243        0.00326
T49_0             819                 0                0                0           819  74529     262        0.00352
T4_0              837                 0                0                0           837  76167     285        0.00374
T50_0             816                 0                0                0           816  74256     277        0.00373
T51_0             829                 0                0                0           829  75439     281        0.00372
T52_0             826                 0                0                0           826  75166     267        0.00355
T53_0             825                 0                0                0           825  75075     330        0.00440
T54_0             822                 0                0                0           822  74802     280        0.00374
T55_0             816                 0                0                0           816  74256     260        0.00350
T56_0             824                 0                0                0           824  74984     274        0.00365
T57_0             830                 0                0                0           830  75530     240        0.00318
T58_0             830                 0                0                0           830  75530     283        0.00375
T59_0             829                 0                0                0           829  75439     263        0.00349
T5_0              829                 0                0                0           829  75439     262        0.00347
T60_0             837                 0                0                0           837  76167     295        0.00387
T61_0             829                 0                0                0           829  75439     269        0.00357
T62_0             832                 0                0                0           832  75712     254        0.00335
T63_0             824                 0                0                0           824  74984     297        0.00396
T64_0             830                 0                0                0           830  75530     271        0.00359
T65_0             845                 0                0                0           845  76895     269        0.00350
T66_0             831                 0                0                0           831  75621     280        0.00370
T67_0             849                 0                0                0           849  77259     271        0.00351
T68_0             837                 0                0                0           837  76167     268        0.00352
T69_0             837                 0                0                0           837  76167     266        0.00349
T6_0              824                 0                0                0           824  74984     279        0.00372
T70_0             843                 0                0                0           843  76713     279        0.00364
T71_0             848                 0                0                0           848  77168     297        0.00385
T72_0             842                 0                0                0           842  76622     306        0.00399
T73_0             821                 0                0                0           821  74711     241        0.00323
T74_0             828                 0                0                0           828  75348     267        0.00354
T75_0             832                 0                0                0           832  75712     255        0.00337
T76_0             850                 0                0                0           850  77350     264        0.00341
T77_0             842                 0                0                0           842  76622     317        0.00414
T78_0             852                 0                0                0           852  77532     265        0.00342
T79_0             842                 0                0                0           842  76622     263        0.00343
T7_0              820                 0                0                0           820  74620     275        0.00369
T80_0             843                 0                0                0           843  76713     328        0.00428
T81_0             849                 0                0                0           849  77259     292        0.00378
T82_0             835                 0                0                0           835  75985     251        0.00330
T83_0             839                 0                0                0           839  76349     280        0.00367
T84_0             846                 0                0                0           846  76986     267        0.00347
T85_0             843                 0                0                0           843  76713     294        0.00383
T86_0             846                 0                0                0           846  76986     258        0.00335
T87_0             847                 0                0                0           847  77077     278        0.00361
T88_0             841                 0                0                0           841  76531     284        0.00371
T89_0             848                 0                0                0           848  77168     323        0.00419
T8_0              823                 0                0                0           823  74893     263        0.00351
T90_0             835                 0                0                0           835  75985     303        0.00399
T91_0             847                 0                0                0           847  77077     271        0.00352
T92_0             835                 0                0                0           835  75985     283        0.00372
T93_0             843                 0                0                0           843  76713     282        0.00368
T94_0             850                 0                0                0           850  77350     271        0.00350
T95_0             849                 0                0                0           849  77259     298        0.00386
T96_0             842                 0                0                0           842  76622     277        0.00362
T97_0             829                 0                0                0           829  75439     245        0.00325
T98_0             833                 0                0                0           833  75803     253        0.00334
T99_0             841                 0                0                0           841  76531     265        0.00346
T9_0              820                 0                0                0           820  74620     290        0.00389