       clusters_total  hidepth_min clusters_hidepth avg_depth_total avg_depth_mj avg_depth_stat sd_depth_total sd_depth_mj sd_depth_stat filtered_bad_align
T100_0            741            4              741           19.78        19.78          19.78           1.45        1.45          1.45                  0
T10_0             746            4              746           19.68        19.68          19.68           1.76        1.76          1.76                  0
T11_0             732            4              732           19.84        19.84          19.84           1.27        1.27          1.27                  0
T12_0             729            4              729           19.73        19.73          19.73           1.63        1.63          1.63                  0
T13_0             730            4              730           19.74        19.74          19.74           1.59        1.59          1.59                  0
T14_0             723            4              723           19.67        19.67          19.67           1.79        1.79          1.79                  0
T15_0             723            4              723           19.56        19.56          19.56           2.06        2.06          2.06                  0
T16_0             743            4              743           19.64        19.64          19.64           1.87        1.87          1.87                  0
T17_0             735            4              735           19.77        19.77          19.77           1.50        1.50          1.50                  0
T18_0             739            4              739           19.68        19.68          19.68           1.77        1.77          1.77                  0
T19_0             718            4              718           19.68        19.68          19.68           1.76        1.76          1.76                  0
T1_0              743            4              743           19.73        19.73          19.73           1.62        1.62          1.62                  0
T20_0             726            4              726           19.75        19.75          19.75           1.55        1.55          1.55                  0
T21_0             728            4              728           19.71        19.71          19.71           1.67        1.67          1.67                  0
T22_0             722            4              722           19.71        19.71          19.71           1.68        1.68          1.68                  0
T23_0             732            4              732           19.80        19.80          19.80           1.42        1.42          1.42                  0
T24_0             725            4              725           19.75        19.75          19.75           1.56        1.56          1.56                  0
T25_0             730            4              730           19.74        19.74          19.74           1.59        1.59          1.59                  0
T26_0             730            4              730           19.71        19.71          19.71           1.67        1.67          1.67                  0
T27_0             742            4              742           19.73        19.73          19.73           1.62        1.62          1.62                  0
T28_0             741            4              741           19.80        19.80          19.80           1.41        1.41          1.41                  0
T29_0             749            4              749           19.65        19.65          19.65           1.83        1.83          1.83                  0
T2_0              740            4              740           19.70        19.70          19.70           1.70        1.70          1.70                  0
T30_0             744            4              744           19.70        19.70          19.70           1.69        1.69          1.69                  0
T31_0             745            4              745           19.72        19.72          19.72           1.66        1.66          1.66                  0
T32_0             742            4              742           19.66        19.66          19.66           1.80        1.80          1.80                  0
T33_0             748            4              748           19.59        19.59          19.59           1.99        1.99          1.99                  0
T34_0             725            4              725           19.70        19.70          19.70           1.72        1.72          1.72                  0
T35_0             724            4              724           19.63        19.63          19.63           1.89        1.89          1.89                  0
T36_0             720            4              720           19.60        19.60          19.60           1.97        1.97          1.97                  0
T37_0             729            4              729           19.71        19.71          19.71           1.67        1.67          1.67                  0
T38_0             730            4              730           19.64        19.64          19.64           1.85        1.85          1.85                  0
T39_0             727            4              727           19.61        19.61          19.61           1.92        1.92          1.92                  0
T3_0              739            4              739           19.68        19.68          19.68           1.77        1.77          1.77                  0
T40_0             739            4              739           19.66        19.66          19.66           1.81        1.81          1.81                  0
T41_0             738            4              738           19.72        19.72          19.72           1.66        1.66          1.66                  0
T42_0             738            4              738           19.65        19.65          19.65           1.84        1.84          1.84                  0
T43_0             731            4              731           19.55        19.55          19.55           2.08        2.08          2.08                  0
T44_0             727            4              727           19.64        19.64          19.64           1.86        1.86          1.86                  0
T45_0             724            4              724           19.68        19.68          19.68           1.75        1.75          1.75                  0
T46_0             723            4              723           19.71        19.71          19.71           1.68        1.68          1.68                  0
T47_0             727            4              727           19.68        19.68          19.68           1.75        1.75          1.75                  0
T48_0             721            4              721           19.68        19.68          19.68           1.76        1.76          1.76                  0
T49_0             722            4              722           19.64        19.64          19.64           1.86        1.86          1.86                  0
T4_0              737            4              737           19.77        19.77          19.77           1.50        1.50          1.50                  0
T50_0             723            4              723           19.71        19.71          19.71           1.68        1.68          1.68                  0
T51_0             718            4              718           19.76        19.76          19.76           1.52        1.52          1.52                  0
T52_0             724            4              724           19.77        19.77          19.77           1.51        1.51          1.51                  0
T53_0             718            4              718           19.60        19.60          19.60           1.97        1.97          1.97                  0
T54_0             724            4              724           19.72        19.72          19.72           1.64        1.64          1.64                  0
T55_0             726            4              726           19.74        19.74          19.74           1.60        1.60          1.60                  0
T56_0             722            4              722           19.76        19.76          19.76           1.52        1.52          1.52                  0
T57_0             723            4              723           19.57        19.57          19.57           2.03        2.03          2.03                  0
T58_0             723            4              723           19.65        19.65          19.65           1.83        1.83          1.83                  0
T59_0             725            4              725           19.70        19.70          19.70           1.72        1.72          1.72                  0
T5_0              726            4              726           19.61        19.61          19.61           1.93        1.93          1.93                  0
T60_0             734            4              734           19.59        19.59          19.59           1.98        1.98          1.98                  0
T61_0             733            4              733           19.63        19.63          19.63           1.88        1.88          1.88                  0
T62_0             732            4              732           19.58        19.58          19.58           2.01        2.01          2.01                  0
T63_0             724            4              724           19.63        19.63          19.63           1.89        1.89          1.89                  0
T64_0             724            4              724           19.74        19.74          19.74           1.60        1.60          1.60                  0
T65_0             722            4              722           19.72        19.72          19.72           1.64        1.64          1.64                  0
T66_0             731            4              731           19.59        19.59          19.59           1.98        1.98          1.98                  0
T67_0             730            4              730           19.66        19.66          19.66           1.82        1.82          1.82                  0
T68_0             733            4              733           19.75        19.75          19.75           1.55        1.55          1.55                  0
T69_0             737            4              737           19.69        19.69          19.69           1.74        1.74          1.74                  0
T6_0              747            4              747           19.60        19.60          19.60           1.96        1.96          1.96                  0
T70_0             737            4              737           19.53        19.53          19.53           2.13        2.13          2.13                  0
T71_0             731            4              731           19.60        19.60          19.60           1.95        1.95          1.95                  0
T72_0             741            4              741           19.70        19.70          19.70           1.70        1.70          1.70                  0
T73_0             748            4              748           19.63        19.63          19.63           1.90        1.90          1.90                  0
T74_0             747            4              747           19.69        19.69          19.69           1.73        1.73          1.73                  0
T75_0             741            4              741           19.68        19.68          19.68           1.77        1.77          1.77                  0
T76_0             746            4              746           19.71        19.71          19.71           1.69        1.69          1.69                  0
T77_0             734            4              734           19.71        19.71          19.71           1.67        1.67          1.67                  0
T78_0             739            4              739           19.66        19.66          19.66           1.81        1.81          1.81                  0
T79_0             748            4              748           19.59        19.59          19.59           1.99        1.99          1.99                  0
T7_0              744            4              744           19.72        19.72          19.72           1.66        1.66          1.66                  0
T80_0             740            4              740           19.58        19.58          19.58           2.00        2.00          2.00                  0
T81_0             744            4              744           19.68        19.68          19.68           1.77        1.77          1.77                  0
T82_0             738            4              738           19.69        19.69          19.69           1.74        1.74          1.74                  0
T83_0             748            4              748           19.71        19.71          19.71           1.69        1.69          1.69                  0
T84_0             744            4              744           19.74        19.74          19.74           1.58        1.58          1.58                  0
T85_0             747            4              747           19.75        19.75          19.75           1.57        1.57          1.57                  0
T86_0             746            4              746           19.68        19.68          19.68           1.76        1.76          1.76                  0
T87_0             732            4              732           19.64        19.64          19.64           1.85        1.85          1.85                  0
T88_0             745            4              745           19.61        19.61          19.61           1.93        1.93          1.93                  0
T89_0             737            4              737           19.73        19.73          19.73           1.62        1.62          1.62                  0
T8_0              739            4              739           19.73        19.73          19.73           1.62        1.62          1.62                  0
T90_0             735            4              735           19.73        19.73          19.73           1.63        1.63          1.63                  0
T91_0             742            4              742           19.69        19.69          19.69           1.73        1.73          1.73                  0
T92_0             740            4              740           19.66        19.66          19.66           1.81        1.81          1.81                  0
T93_0             740            4              740           19.55        19.55          19.55           2.06        2.06          2.06                  0
T94_0             740            4              740           19.73        19.73          19.73           1.62        1.62          1.62                  0
T95_0             736            4              736           19.80        19.80          19.80           1.41        1.41          1.41                  0
T96_0             729            4              729           19.70        19.70          19.70           1.71        1.71          1.71                  0
T97_0             736            4              736           19.66        19.66          19.66           1.81        1.81          1.81                  0
T98_0             736            4              736           19.80        19.80          19.80           1.41        1.41          1.41                  0
T99_0             736            4              736           19.67        19.67          19.67           1.78        1.78          1.78                  0
T9_0              746            4              746           19.66        19.66          19.66           1.80        1.80          1.80                  0