       clusters_total  hidepth_min clusters_hidepth avg_depth_total avg_depth_mj avg_depth_stat sd_depth_total sd_depth_mj sd_depth_stat filtered_bad_align
T100_0            831            4              831           19.77        19.77          19.77           1.49        1.49          1.49                  0
T10_0             837            4              837           19.76        19.76          19.76           1.53        1.53          1.53                  0
T11_0             836            4              836           19.71        19.71          19.71           1.67        1.67          1.67                  0
T12_0             836            4              836           19.78        19.78          19.78           1.45        1.45          1.45                  0
T13_0             843            4              843           19.63        19.63          19.63           1.88        1.88          1.88                  0
T14_0             839            4              839           19.74        19.74          19.74           1.60        1.60          1.60                  0
T15_0             839            4              839           19.73        19.73          19.73           1.63        1.63          1.63                  0
T16_0             849            4              849           19.73        19.73          19.73           1.62        1.62          1.62                  0
T17_0             850            4              850           19.71        19.71          19.71           1.69        1.69          1.69                  0
T18_0             837            4              837           19.71        19.71          19.71           1.67        1.67          1.67                  0
T19_0             834            4              834           19.63        19.63          19.63           1.89        1.89          1.89                  0
T1_0              829            4              829           19.67        19.67          19.67           1.78        1.78          1.78                  0
T20_0             834            4              834           19.60        19.60          19.60           1.95        1.95          1.95                  0
T21_0             838            4              838           19.68        19.68          19.68           1.77        1.77          1.77                  0
T22_0             838            4              838           19.73        19.73          19.73           1.63        1.63          1.63                  0
T23_0             838            4              838           19.64        19.64          19.64           1.86        1.86          1.86                  0
T24_0             843            4              843           19.75        19.75          19.75           1.56        1.56          1.56                  0
T25_0             845            4              845           19.74        19.74          19.74           1.59        1.59          1.59                  0
T26_0             842            4              842           19.67        19.67          19.67           1.79        1.79          1.79                  0
T27_0             847            4              847           19.63        19.63          19.63           1.88        1.88          1.88                  0
T28_0             843            4              843           19.67        19.67          19.67           1.79        1.79          1.79                  0
T29_0             843            4              843           19.73        19.73          19.73           1.63        1.63          1.63                  0
T2_0              834            4              834           19.65        19.65          19.65           1.83        1.83          1.83                  0
T30_0             850            4              850           19.66        19.66          19.66           1.82        1.82          1.82                  0
T31_0             841            4              841           19.75        19.75          19.75           1.56        1.56          1.56                  0
T32_0             846            4              846           19.59        19.59          19.59           1.99        1.99          1.99                  0
T33_0             837            4              837           19.76        19.76          19.76           1.53        1.53          1.53                  0
T34_0             835            4              835           19.72        19.72          19.72           1.64        1.64          1.64                  0
T35_0             837            4              837           19.75        19.75          19.75           1.56        1.56          1.56                  0
T36_0             837            4              837           19.70        19.70          19.70           1.70        1.70          1.70                  0
T37_0             832            4              832           19.64        19.64          19.64           1.86        1.86          1.86                  0
T38_0             840            4              840           19.63        19.63          19.63           1.89        1.89          1.89                  0
T39_0             841            4              841           19.61        19.61          19.61           1.94        1.94          1.94                  0
T3_0              829            4              829           19.73        19.73          19.73           1.61        1.61          1.61                  0
T40_0             840            4              840           19.76        19.76          19.76           1.52        1.52          1.52                  0
T41_0             845            4              845           19.69        19.69          19.69           1.73        1.73          1.73                  0
T42_0             833            4              833           19.69        19.69          19.69           1.74        1.74          1.74                  0
T43_0             849            4              849           19.73        19.73          19.73           1.62        1.62          1.62                  0
T44_0             852            4              852           19.72        19.72          19.72           1.65        1.65          1.65                  0
T45_0             847            4              847           19.66        19.66          19.66           1.82        1.82          1.82                  0
T46_0             840            4              840           19.69        19.69          19.69           1.73        1.73          1.73                  0
T47_0             824            4              824           19.75        19.75          19.75           1.58        1.58          1.58                  0
T48_0             829            4              829           19.73        19.73          19.73           1.61        1.61          1.61                  0
T49_0             823            4              823           19.71        19.71          19.71           1.68        1.68          1.68                  0
T4_0              841            4              841           19.75        19.75          19.75           1.56        1.56          1.56                  0
T50_0             832            4              832           19.68        19.68          19.68           1.77        1.77          1.77                  0
T51_0             835            4              835           19.69        19.69          19.69           1.74        1.74          1.74                  0
T52_0             836            4              836           19.61        19.61          19.61           1.95        1.95          1.95                  0
T53_0             833            4              833           19.70        19.70          19.70           1.71        1.71          1.71                  0
T54_0             840            4              840           19.67        19.67          19.67           1.80        1.80          1.80                  0
T55_0             830            4              830           19.69        19.69          19.69           1.74        1.74          1.74                  0
T56_0             833            4              833           19.66        19.66          19.66           1.80        1.80          1.80                  0
T57_0             834            4              834           19.69        19.69          19.69           1.74        1.74          1.74                  0
T58_0             836            4              836           19.71        19.71          19.71           1.67        1.67          1.67                  0
T59_0             848            4              848           19.75        19.75          19.75           1.55        1.55          1.55                  0
T5_0              817            4              817           19.80        19.80          19.80           1.39        1.39          1.39                  0
T60_0             848            4              848           19.66        19.66          19.66           1.82        1.82          1.82                  0
T61_0             850            4              850           19.58        19.58          19.58           2.01        2.01          2.01                  0
T62_0             843            4              843           19.54        19.54          19.54           2.10        2.10          2.10                  0
T63_0             853            4              853           19.58        19.58          19.58           2.01        2.01          2.01                  0
T64_0             835            4              835           19.71        19.71          19.71           1.67        1.67          1.67                  0
T65_0             838            4              838           19.75        19.75          19.75           1.56        1.56          1.56                  0
T66_0             838            4              838           19.74        19.74          19.74           1.60        1.60          1.60                  0
T67_0             840            4              840           19.60        19.60          19.60           1.97        1.97          1.97                  0
T68_0             836            4              836           19.64        19.64          19.64           1.86        1.86          1.86                  0
T69_0             837            4              837           19.63        19.63          19.63           1.89        1.89          1.89                  0
T6_0              829            4              829           19.70        19.70          19.70           1.71        1.71          1.71                  0
T70_0             835            4              835           19.72        19.72          19.72           1.64        1.64          1.64                  0
T71_0             837            4              837           19.62        19.62          19.62           1.92        1.92          1.92                  0
T72_0             838            4              838           19.73        19.73          19.73           1.63        1.63          1.63                  0
T73_0             860            4              860           19.64        19.64          19.64           1.86        1.86          1.86                  0
T74_0             852            4              852           19.71        19.71          19.71           1.69        1.69          1.69                  0
T75_0             858            4              858           19.59        19.59          19.59           1.98        1.98          1.98                  0
T76_0             856            4              856           19.63        19.63          19.63           1.90        1.90          1.90                  0
T77_0             863            4              863           19.61        19.61          19.61           1.95        1.95          1.95                  0
T78_0             858            4              858           19.66        19.66          19.66           1.81        1.81          1.81                  0
T79_0             863            4              863           19.68        19.68          19.68           1.77        1.77          1.77                  0
T7_0              830            4              830           19.76        19.76          19.76           1.53        1.53          1.53                  0
T80_0             845            4              845           19.79        19.79          19.79           1.44        1.44          1.44                  0
T81_0             850            4              850           19.73        19.73          19.73           1.62        1.62          1.62                  0
T82_0             847            4              847           19.66        19.66          19.66           1.82        1.82          1.82                  0
T83_0             853            4              853           19.68        19.68          19.68           1.75        1.75          1.75                  0
T84_0             844            4              844           19.64        19.64          19.64           1.85        1.85          1.85                  0
T85_0             842            4              842           19.60        19.60          19.60           1.97        1.97          1.97                  0
T86_0             845            4              845           19.62        19.62          19.62           1.91        1.91          1.91                  0
T87_0             840            4              840           19.75        19.75          19.75           1.56        1.56          1.56                  0
T88_0             838            4              838           19.56        19.56          19.56           2.05        2.05          2.05                  0
T89_0             838            4              838           19.68        19.68          19.68           1.77        1.77          1.77                  0
T8_0              829            4              829           19.67        19.67          19.67           1.78        1.78          1.78                  0
T90_0             839            4              839           19.75        19.75          19.75           1.56        1.56          1.56                  0
T91_0             838            4              838           19.69        19.69          19.69           1.73        1.73          1.73                  0
T92_0             843            4              843           19.74        19.74          19.74           1.59        1.59          1.59                  0
T93_0             837            4              837           19.82        19.82          19.82           1.33        1.33          1.33                  0
T94_0             854            4              854           19.66        19.66          19.66           1.81        1.81          1.81                  0
T95_0             844            4              844           19.70        19.70          19.70           1.70        1.70          1.70                  0
T96_0             835            4              835           19.65        19.65          19.65           1.83        1.83          1.83                  0
T97_0             834            4              834           19.71        19.71          19.71           1.67        1.67          1.67                  0
T98_0             841            4              841           19.71        19.71          19.71           1.67        1.67          1.67                  0
T99_0             828            4              828           19.72        19.72          19.72           1.64        1.64          1.64                  0
T9_0              826            4              826           19.77        19.77          19.77           1.50        1.50          1.50                  0