       clusters_total filtered_by_depth filtered_by_maxH filtered_by_maxN reads_consens nsites nhetero heterozygosity
T100_0            741                 0                0                0           741  67431     219        0.00325
T10_0             746                 0                0                0           746  67886     250        0.00368
T11_0             732                 0                0                0           732  66612     273        0.00410
T12_0             729                 0                0                0           729  66339     225        0.00339
T13_0             730                 0                0                0           730  66430     271        0.00408
T14_0             723                 0                0                0           723  65793     231        0.00351
T15_0             723                 0                0                0           723  65793     232        0.00353
T16_0             743                 0                0                0           743  67613     248        0.00367
T17_0             735                 0                0                0           735  66885     246        0.00368
T18_0             739                 0                0                0           739  67249     263        0.00391
T19_0             718                 0                0                0           718  65338     242        0.00370
T1_0              743                 0                0                0           743  67613     257        0.00380
T20_0             726                 0                0                0           726  66066     236        0.00357
T21_0             728                 0                0                0           728  66248     223        0.00337
T22_0             722                 0                0                0           722  65702     236        0.00359
T23_0             732                 0                0                0           732  66612     261        0.00392
T24_0             725                 0                0                0           725  65975     238        0.00361
T25_0             730                 0                0                0           730  66430     227        0.00342
T26_0             730                 0                0                0           730  66430     240        0.00361
T27_0             742                 0                0                0           742  67522     245        0.00363
T28_0             741                 0                0                0           741  67431     259        0.00384
T29_0             749                 0                0                0           749  68159     228        0.00335
T2_0              740                 0                0                0           740  67340     271        0.00402
T30_0             744                 0                0                0           744  67704     242        0.00357
T31_0             745                 0                0                0           745  67795     230        0.00339
T32_0             742                 0                0                0           742  67522     219        0.00324
T33_0             748                 0                0                0           748  68068     298        0.00438
T34_0             725                 0                0                0           725  65975     254        0.00385
T35_0             724                 0                0                0           724  65884     221        0.00335
T36_0             720                 0                0                0           720  65520     203        0.00310
T37_0             729                 0                0                0           729  66339     217        0.00327
T38_0             730                 0                0                0           730  66430     250        0.00376
T39_0             727                 0                0                0           727  66157     250        0.00378
T3_0              739                 0                0                0           739  67249     257        0.00382
T40_0             739                 0                0                0           739  67249     232        0.00345
T41_0             738                 0                0                0           738  67158     248        0.00369
T42_0             738                 0                0                0           738  67158     276        0.00411
T43_0             731                 0                0                0           731  66521     233        0.00350
T44_0             727                 0                0                0           727  66157     280        0.00423
T45_0             724                 0                0                0           724  65884     245        0.00372
T46_0             723                 0                0                0           723  65793     227        0.00345
T47_0             727                 0                0                0           727  66157     248        0.00375
T48_0             721                 0                0                0           721  65611     225        0.00343
T49_0             722                 0                0                0           722  65702     221        0.00336
T4_0              737                 0                0                0           737  67067     245        0.00365
T50_0             723                 0                0                0           723  65793     226        0.00344
T51_0             718                 0                0                0           718  65338     216        0.00331
T52_0             724                 0                0                0           724  65884     227        0.00345
T53_0             718                 0                0                0           718  65338     245        0.00375
T54_0             724                 0                0                0           724  65884     226        0.00343
T55_0             726                 0                0                0           726  66066     255        0.00386
T56_0             722                 0                0                0           722  65702     221        0.00336
T57_0             723                 0                0                0           723  65793     245        0.00372
T58_0             723                 0                0                0           723  65793     239        0.00363
T59_0             725                 0                0                0           725  65975     243        0.00368
T5_0              726                 0                0                0           726  66066     263        0.00398
T60_0             734                 0                0                0           734  66794     238        0.00356
T61_0             733                 0                0                0           733  66703     232        0.00348
T62_0             732                 0                0                0           732  66612     250        0.00375
T63_0             724                 0                0                0           724  65884     239        0.00363
T64_0             724                 0                0                0           724  65884     249        0.00378
T65_0             722                 0                0                0           722  65702     236        0.00359
T66_0             731                 0                0                0           731  66521     264        0.00397
T67_0             730                 0                0                0           730  66430     267        0.00402
T68_0             733                 0                0                0           733  66703     248        0.00372
T69_0             737                 0                0                0           737  67067     211        0.00315
T6_0              747                 0                0                0           747  67977     251        0.00369
T70_0             737                 0                0                0           737  67067     214        0.00319
T71_0             731                 0                0                0           731  66521     237        0.00356
T72_0             741                 0                0                0           741  67431     256        0.00380
T73_0             748                 0                0                0           748  68068     225        0.00331
T74_0             747                 0                0                0           747  67977     246        0.00362
T75_0             741                 0                0                0           741  67431     242        0.00359
T76_0             746                 0                0                0           746  67886     225        0.00331
T77_0             734                 0                0                0           734  66794     265        0.00397
T78_0             739                 0                0                0           739  67249     247        0.00367
T79_0             748                 0                0                0           748  68068     227        0.00333
T7_0              744                 0                0                0           744  67704     246        0.00363
T80_0             740                 0                0                0           740  67340     252        0.00374
T81_0             744                 0                0                0           744  67704     269        0.00397
T82_0             738                 0                0                0           738  67158     256        0.00381
T83_0             748                 0                0                0           748  68068     223        0.00328
T84_0             744                 0                0                0           744  67704     237        0.00350
T85_0             747                 0                0                0           747  67977     231        0.00340
T86_0             746                 0                0                0           746  67886     274        0.00404
T87_0             732                 0                0                0           732  66612     250        0.00375
T88_0             745                 0                0                0           745  67795     251        0.00370
T89_0             737                 0                0                0           737  67067     237        0.00353
T8_0              739                 0                0                0           739  67249     262        0.00390
T90_0             735                 0                0                0           735  66885     221        0.00330
T91_0             742                 0                0                0           742  67522     220        0.00326
T92_0             740                 0                0                0           740  67340     242        0.00359
T93_0             740                 0                0                0           740  67340     215        0.00319
T94_0             740                 0                0                0           740  67340     296        0.00440
T95_0             736                 0                0                0           736  66976     234        0.00349
T96_0             729                 0                1                0           728  66248     218        0.00329
T97_0             736                 0                0                0           736  66976     260        0.00388
T98_0             736                 0                0                0           736  66976     268        0.00400
T99_0             736                 0                0                0           736  66976     267        0.00399
T9_0              746                 0                0                0           746  67886     229        0.00337