       clusters_total  hidepth_min clusters_hidepth avg_depth_total avg_depth_mj avg_depth_stat sd_depth_total sd_depth_mj sd_depth_stat filtered_bad_align
T100_0            841            4              841           19.61        19.61          19.61           1.94        1.94          1.94                  0
T10_0             818            4              818           19.77        19.77          19.77           1.51        1.51          1.51                  0
T11_0             814            4              814           19.74        19.74          19.74           1.59        1.59          1.59                  0
T12_0             822            4              822           19.66        19.66          19.66           1.81        1.81          1.81                  0
T13_0             811            4              811           19.70        19.70          19.70           1.69        1.69          1.69                  0
T14_0             808            4              808           19.68        19.68          19.68           1.76        1.76          1.76                  0
T15_0             814            4              814           19.66        19.66          19.66           1.82        1.82          1.82                  0
T16_0             811            4              811           19.61        19.61          19.61           1.95        1.95          1.95                  0
T17_0             808            4              808           19.83        19.83          19.83           1.30        1.30          1.30                  0
T18_0             820            4              820           19.72        19.72          19.72           1.65        1.65          1.65                  0
T19_0             823            4              823           19.73        19.73          19.73           1.61        1.61          1.61                  0
T1_0              835            4              835           19.74        19.74          19.74           1.60        1.60          1.60                  0
T20_0             819            4              819           19.72        19.72          19.72           1.65        1.65          1.65                  0
T21_0             818            4              818           19.71        19.71          19.71           1.69        1.69          1.69                  0
T22_0             821            4              821           19.73        19.73          19.73           1.61        1.61          1.61                  0
T23_0             824            4              824           19.66        19.66          19.66           1.81        1.81          1.81                  0
T24_0             819            4              819           19.74        19.74          19.74           1.58        1.58          1.58                  0
T25_0             815            4              815           19.64        19.64          19.64           1.85        1.85          1.85                  0
T26_0             823            4              823           19.60        19.60          19.60           1.96        1.96          1.96                  0
T27_0             820            4              820           19.56        19.56          19.56           2.05        2.05          2.05                  0
T28_0             812            4              812           19.67        19.67          19.67           1.79        1.79          1.79                  0
T29_0             812            4              812           19.73        19.73          19.73           1.62        1.62          1.62                  0
T2_0              840            4              840           19.73        19.73          19.73           1.63        1.63          1.63                  0
T30_0             830            4              830           19.71        19.71          19.71           1.68        1.68          1.68                  0
T31_0             826            4              826           19.69        19.69          19.69           1.75        1.75          1.75                  0
T32_0             829            4              829           19.61        19.61          19.61           1.93        1.93          1.93                  0
T33_0             832            4              832           19.75        19.75          19.75           1.57        1.57          1.57                  0
T34_0             829            4              829           19.69        19.69          19.69           1.74        1.74          1.74                  0
T35_0             827            4              827           19.75        19.75          19.75           1.57        1.57          1.57                  0
T36_0             831            4              831           19.78        19.78          19.78           1.46        1.46          1.46                  0
T37_0             843            4              843           19.70        19.70          19.70           1.70        1.70          1.70                  0
T38_0             863            4              863           19.80        19.80          19.80           1.39        1.39          1.39                  0
T39_0             859            4              859           19.72        19.72          19.72           1.65        1.65          1.65                  0
T3_0              832            4              832           19.72        19.72          19.72           1.64        1.64          1.64                  0
T40_0             857            4              857           19.85        19.85          19.85           1.22        1.22          1.22                  0
T41_0             856            4              856           19.73        19.73          19.73           1.62        1.62          1.62                  0
T42_0             856            4              856           19.67        19.67          19.67           1.78        1.78          1.78                  0
T43_0             860            4              860           19.65        19.65          19.65           1.83        1.83          1.83                  0
T44_0             854            4              854           19.81        19.81          19.81           1.36        1.36          1.36                  0
T45_0             852            4              852           19.68        19.68          19.68           1.75        1.75          1.75                  0
T46_0             845            4              845           19.78        19.78          19.78           1.48        1.48          1.48                  0
T47_0             839            4              839           19.74        19.74          19.74           1.60        1.60          1.60                  0
T48_0             818            4              818           19.65        19.65          19.65           1.85        1.85          1.85                  0
T49_0             819            4              819           19.76        19.76          19.76           1.54        1.54          1.54                  0
T4_0              837            4              837           19.67        19.67          19.67           1.80        1.80          1.80                  0
T50_0             816            4              816           19.73        19.73          19.73           1.62        1.62          1.62                  0
T51_0             829            4              829           19.58        19.58          19.58           2.01        2.01          2.01                  0
T52_0             826            4              826           19.67        19.67          19.67           1.78        1.78          1.78                  0
T53_0             825            4              825           19.77        19.77          19.77           1.50        1.50          1.50                  0
T54_0             822            4              822           19.73        19.73          19.73           1.61        1.61          1.61                  0
T55_0             816            4              816           19.73        19.73          19.73           1.62        1.62          1.62                  0
T56_0             824            4              824           19.68        19.68          19.68           1.75        1.75          1.75                  0
T57_0             830            4              830           19.71        19.71          19.71           1.68        1.68          1.68                  0
T58_0             830            4              830           19.70        19.70          19.70           1.71        1.71          1.71                  0
T59_0             829            4              829           19.72        19.72          19.72           1.64        1.64          1.64                  0
T5_0              829            4              829           19.67        19.67          19.67           1.78        1.78          1.78                  0
T60_0             837            4              837           19.67        19.67          19.67           1.80        1.80          1.80                  0
T61_0             829            4              829           19.69        19.69          19.69           1.74        1.74          1.74                  0
T62_0             832            4              832           19.72        19.72          19.72           1.64        1.64          1.64                  0
T63_0             824            4              824           19.81        19.81          19.81           1.38        1.38          1.38                  0
T64_0             830            4              830           19.75        19.75          19.75           1.57        1.57          1.57                  0
T65_0             845            4              845           19.67        19.67          19.67           1.79        1.79          1.79                  0
T66_0             831            4              831           19.72        19.72          19.72           1.64        1.64          1.64                  0
T67_0             849            4              849           19.73        19.73          19.73           1.62        1.62          1.62                  0
T68_0             837            4              837           19.63        19.63          19.63           1.89        1.89          1.89                  0
T69_0             837            4              837           19.68        19.68          19.68           1.77        1.77          1.77                  0
T6_0              824            4              824           19.64        19.64          19.64           1.87        1.87          1.87                  0
T70_0             843            4              843           19.67        19.67          19.67           1.79        1.79          1.79                  0
T71_0             848            4              848           19.63        19.63          19.63           1.88        1.88          1.88                  0
T72_0             842            4              842           19.63        19.63          19.63           1.88        1.88          1.88                  0
T73_0             821            4              821           19.70        19.70          19.70           1.72        1.72          1.72                  0
T74_0             828            4              828           19.72        19.72          19.72           1.64        1.64          1.64                  0
T75_0             832            4              832           19.75        19.75          19.75           1.57        1.57          1.57                  0
T76_0             850            4              850           19.61        19.61          19.61           1.93        1.93          1.93                  0
T77_0             842            4              842           19.67        19.67          19.67           1.79        1.79          1.79                  0
T78_0             852            4              852           19.66        19.66          19.66           1.81        1.81          1.81                  0
T79_0             842            4              842           19.60        19.60          19.60           1.97        1.97          1.97                  0
T7_0              820            4              820           19.84        19.84          19.84           1.25        1.25          1.25                  0
T80_0             843            4              843           19.70        19.70          19.70           1.70        1.70          1.70                  0
T81_0             849            4              849           19.75        19.75          19.75           1.55        1.55          1.55                  0
T82_0             835            4              835           19.63        19.63          19.63           1.89        1.89          1.89                  0
T83_0             839            4              839           19.68        19.68          19.68           1.76        1.76          1.76                  0
T84_0             846            4              846           19.61        19.61          19.61           1.94        1.94          1.94                  0
T85_0             843            4              843           19.62        19.62          19.62           1.91        1.91          1.91                  0
T86_0             846            4              846           19.60        19.60          19.60           1.96        1.96          1.96                  0
T87_0             847            4              847           19.66        19.66          19.66           1.82        1.82          1.82                  0
T88_0             841            4              841           19.74        19.74          19.74           1.60        1.60          1.60                  0
T89_0             848            4              848           19.68        19.68          19.68           1.76        1.76          1.76                  0
T8_0              823            4              823           19.82        19.82          19.82           1.34        1.34          1.34                  0
T90_0             835            4              835           19.71        19.71          19.71           1.67        1.67          1.67                  0
T91_0             847            4              847           19.81        19.81          19.81           1.36        1.36          1.36                  0
T92_0             835            4              835           19.68        19.68          19.68           1.77        1.77          1.77                  0
T93_0             843            4              843           19.74        19.74          19.74           1.59        1.59          1.59                  0
T94_0             850            4              850           19.67        19.67          19.67           1.78        1.78          1.78                  0
T95_0             849            4              849           19.68        19.68          19.68           1.75        1.75          1.75                  0
T96_0             842            4              842           19.70        19.70          19.70           1.70        1.70          1.70                  0
T97_0             829            4              829           19.73        19.73          19.73           1.61        1.61          1.61                  0
T98_0             833            4              833           19.56        19.56          19.56           2.06        2.06          2.06                  0
T99_0             841            4              841           19.74        19.74          19.74           1.60        1.60          1.60                  0
T9_0              820            4              820           19.73        19.73          19.73           1.62        1.62          1.62                  0